77777777777777777777777777777777
77777777777779999997777777777777
77777777779999999999997777777777
77777777999333333333399977777777
77777779333333000033333397777777
77777793333300000000333339777777
77777933339999999999993333977777
77777933999999999999999933977777
77777939999999999999999993977777
77777939955000555500055993977777
77777995555099555599055559977777
77779595555099555599055559597777
77779599555555555555555599597777
77777995599555555555599559977777
77777795599999999999999559777777
77777779559999999999995597777777
77777777995555555555559977777777
77779999939999999999993999997777
77793333334443333334443333339777
77939993332223333332223339993977
77790009442224444442224490009777
77900000942224444442224900000977
77900000944444444444444900000977
77900009444444444444444490000977
77799994444444444444444449999777
77777794444449999994444449777777
77777794444449777794444449777777
77777794444449777794444449777777
77777966666669777796666666977777
77779666666669777796666666697777
77779999999999777799999999997777
77777777777777777777777777777777